5 0.113636
1 0.113636
0 0.113636
2 0.113636
6 0.113636
3 0.113636
7 0.113636
7 0.113636
7 0.113636
6 0.113636
6 0.113636
2 0.113636
4 0.113636
0 0.113636
5 0.113636
2 0.113636
6 0.113636
0 0.113636
6 0.113636
3 0.113636
5 0.113636
2 0.113636
5 0.113636
1 0.113636
5 0.113636
6 0.113636
5 0.113636
1 0.113636
6 0.113636
0 0.113636
6 0.113636
3 0.113636
1 0.113636
3 0.113636
1 0.113636
0 0.113636
4 0.113636
5 0.113636
0 0.113636
2 0.113636
3 0.113636
6 0.113636
2 0.113636
2 0.113636
7 0.113636
2 0.113636
3 0.113636
6 0.113636
6 0.113636
7 0.113636
1 0.113636
0 0.113636
5 0.113636
2 0.113636
6 0.113636
3 0.113636
1 0.113636
0 0.227272
4 0.113636
5 0.113636
2 0.113636
1 0.113636
3 0.113636
3 0.113636
6 0.113636
2 0.113636
4 0.113636
6 0.113636
7 0.113636
7 0.113636
6 0.113636
5 0.113636
2 0.113636
3 0.113636
4 0.113636
2 0.113636
1 0.113636
2 0.113636
4 0.113636
4 0.113636
7 0.113636
2 0.113636
5 0.113636
3 0.113636
6 0.113636
1 0.113636
0 0.113636
3 0.113636
6 0.113636
4 0.113636
5 0.113636
0 0.113636
2 0.113636
7 0.113636
5 0.113636
5 0.113636
6 0.113636
5 0.113636
0 0.113636
2 0.113636
5 0.113636
3 0.113636
6 0.113636
2 0.113636
1 0.113636
1 0.113636
7 0.113636
4 0.113636
6 0.113636
2 0.113636
0 0.113636
4 0.113636
0 0.227272
2 0.113636
2 0.113636
5 0.113636
2 0.113636
2 0.113636
